Testing 4x4 matrix...

   0.0 2000.0 1414.2 1414.2 
2000.0    0.0 1414.2 1414.2 
1414.2 1414.2    0.0 2000.0 
1414.2 1414.2 2000.0    0.0 

Brute Iterative: 	[0, 2, 1, 3, 0] 	Cost: 5656.8542494923795
Brute Recursive: 	[0, 3, 1, 2, 0] 	Cost: 5656.8542494923795
Dynamic Programming: 	[0, 3, 1, 2, 0] 	Cost: 5656.8542494923795

Testing 5x5 matrix...

   0.0 1902.1 1175.6 1902.1 1175.6 
1902.1    0.0 1902.1 1175.6 1175.6 
1175.6 1902.1    0.0 1175.6 1902.1 
1902.1 1175.6 1175.6    0.0 1902.1 
1175.6 1175.6 1902.1 1902.1    0.0 

Brute Iterative: 	[0, 2, 3, 1, 4, 0] 	Cost: 5877.852522924732
Brute Recursive: 	[0, 2, 3, 1, 4, 0] 	Cost: 5877.852522924732
Dynamic Programming: 	[0, 2, 3, 1, 4, 0] 	Cost: 5877.852522924732

Testing 6x6 matrix...

   0.0 1000.0 2000.0 1732.1 1732.1 1000.0 
1000.0    0.0 1732.1 1000.0 2000.0 1732.1 
2000.0 1732.1    0.0 1000.0 1000.0 1732.1 
1732.1 1000.0 1000.0    0.0 1732.1 2000.0 
1732.1 2000.0 1000.0 1732.1    0.0 1000.0 
1000.0 1732.1 1732.1 2000.0 1000.0    0.0 

Brute Iterative: 	[0, 1, 3, 2, 4, 5, 0] 	Cost: 6000.0
Brute Recursive: 	[0, 1, 3, 2, 4, 5, 0] 	Cost: 6000.0
Dynamic Programming: 	[0, 1, 3, 2, 4, 5, 0] 	Cost: 6000.0

Testing 7x7 matrix...

   0.0 1563.7 1949.9  867.8 1949.9  867.8 1563.7 
1563.7    0.0 1563.7  867.8  867.8 1949.9 1949.9 
1949.9 1563.7    0.0 1949.9  867.8 1563.7  867.8 
 867.8  867.8 1949.9    0.0 1563.7 1563.7 1949.9 
1949.9  867.8  867.8 1563.7    0.0 1949.9 1563.7 
 867.8 1949.9 1563.7 1563.7 1949.9    0.0  867.8 
1563.7 1949.9  867.8 1949.9 1563.7  867.8    0.0 

Brute Iterative: 	[0, 3, 1, 4, 2, 6, 5, 0] 	Cost: 6074.372347645813
Brute Recursive: 	[0, 5, 6, 2, 4, 1, 3, 0] 	Cost: 6074.372347645813
Dynamic Programming: 	[0, 5, 6, 2, 4, 1, 3, 0] 	Cost: 6074.372347645813

Testing 8x8 matrix...

   0.0 1414.2 1414.2 1847.8 2000.0 1847.8  765.4  765.4 
1414.2    0.0 2000.0  765.4 1414.2 1847.8  765.4 1847.8 
1414.2 2000.0    0.0 1847.8 1414.2  765.4 1847.8  765.4 
1847.8  765.4 1847.8    0.0  765.4 1414.2 1414.2 2000.0 
2000.0 1414.2 1414.2  765.4    0.0  765.4 1847.8 1847.8 
1847.8 1847.8  765.4 1414.2  765.4    0.0 2000.0 1414.2 
 765.4  765.4 1847.8 1414.2 1847.8 2000.0    0.0 1414.2 
 765.4 1847.8  765.4 2000.0 1847.8 1414.2 1414.2    0.0 

Brute Iterative: 	[0, 7, 2, 5, 4, 3, 1, 6, 0] 	Cost: 6122.934917841435
Brute Recursive: 	[0, 6, 1, 3, 4, 5, 2, 7, 0] 	Cost: 6122.934917841435
Dynamic Programming: 	[0, 6, 1, 3, 4, 5, 2, 7, 0] 	Cost: 6122.934917841435

Testing 9x9 matrix...

   0.0 1732.1 1285.6  684.0 1285.6 1969.6 1969.6 1732.1  684.0 
1732.1    0.0 1969.6 1285.6  684.0 1285.6  684.0 1732.1 1969.6 
1285.6 1969.6    0.0 1732.1 1969.6 1285.6 1732.1  684.0  684.0 
 684.0 1285.6 1732.1    0.0  684.0 1969.6 1732.1 1969.6 1285.6 
1285.6  684.0 1969.6  684.0    0.0 1732.1 1285.6 1969.6 1732.1 
1969.6 1285.6 1285.6 1969.6 1732.1    0.0  684.0  684.0 1732.1 
1969.6  684.0 1732.1 1732.1 1285.6  684.0    0.0 1285.6 1969.6 
1732.1 1732.1  684.0 1969.6 1969.6  684.0 1285.6    0.0 1285.6 
 684.0 1969.6  684.0 1285.6 1732.1 1732.1 1969.6 1285.6    0.0 

Brute Iterative: 	[0, 8, 2, 7, 5, 6, 1, 4, 3, 0] 	Cost: 6156.362579862037
Brute Recursive: 	[0, 3, 4, 1, 6, 5, 7, 2, 8, 0] 	Cost: 6156.362579862037
Dynamic Programming: 	[0, 3, 4, 1, 6, 5, 7, 2, 8, 0] 	Cost: 6156.362579862037

Verified: True
